IBM_time,IBM_Open,IBM_High,IBM_Low,IBM_Close,IBM_Volume
26.01.2017 00:00:00.000,178.080,178.890,177.570,178.730,40.0731
27.01.2017 00:00:00.000,178.840,179.200,177.340,177.510,38.1895
28.01.2017 00:00:00.000,177.510,177.510,177.510,177.510,0
29.01.2017 00:00:00.000,177.510,177.510,177.510,177.510,0
30.01.2017 00:00:00.000,176.940,176.940,174.600,175.820,41.4056
31.01.2017 00:00:00.000,175.610,175.660,173.640,174.590,33.0146
01.02.2017 00:00:00.000,175.470,175.800,172.920,174.350,46.6865
02.02.2017 00:00:00.000,174.430,174.974,173.800,174.634,36.9219
03.02.2017 00:00:00.000,175.034,176.364,174.948,175.864,39.6093
04.02.2017 00:00:00.000,175.864,175.864,175.864,175.864,0
05.02.2017 00:00:00.000,175.864,175.864,175.864,175.864,0
06.02.2017 00:00:00.000,175.500,175.980,174.520,175.904,43.4729
07.02.2017 00:00:00.000,176.043,178.640,176.004,178.430,53.3324
08.02.2017 00:00:00.000,177.601,177.601,175.950,176.194,49.6107
09.02.2017 00:00:00.000,176.364,177.834,176.000,177.251,44.4833
10.02.2017 00:00:00.000,177.593,178.880,176.800,178.772,40.024
11.02.2017 00:00:00.000,178.772,178.772,178.772,178.772,0
12.02.2017 00:00:00.000,178.772,178.772,178.772,178.772,0
13.02.2017 00:00:00.000,179.500,179.900,178.855,179.384,51.9877
14.02.2017 00:00:00.000,178.893,180.111,178.455,180.111,45.4522
15.02.2017 00:00:00.000,180.202,181.924,179.840,181.743,48.2166
16.02.2017 00:00:00.000,181.774,182.800,180.900,181.492,51.7174
17.02.2017 00:00:00.000,181.253,181.584,180.044,180.741,39.5706
18.02.2017 00:00:00.000,180.741,180.741,180.741,180.741,0
19.02.2017 00:00:00.000,180.741,180.741,180.741,180.741,0
20.02.2017 00:00:00.000,180.741,180.741,180.741,180.741,0
21.02.2017 00:00:00.000,180.400,180.794,179.282,180.193,51.7254
22.02.2017 00:00:00.000,180.165,181.350,180.164,181.214,39.6859
23.02.2017 00:00:00.000,182.224,182.503,180.960,181.753,43.5611
24.02.2017 00:00:00.000,180.494,181.500,179.900,181.402,46.5068
25.02.2017 00:00:00.000,181.402,181.402,181.402,181.402,0
26.02.2017 00:00:00.000,181.402,181.402,181.402,181.402,0
27.02.2017 00:00:00.000,181.271,181.350,179.290,179.450,42.4853
28.02.2017 00:00:00.000,179.521,180.684,179.380,179.901,38.5332
01.03.2017 00:00:00.000,180.565,182.552,180.150,181.972,49.368
02.03.2017 00:00:00.000,181.883,181.915,180.460,180.592,44.6467
03.03.2017 00:00:00.000,180.665,181.360,179.794,180.105,41.9772
04.03.2017 00:00:00.000,180.105,180.105,180.105,180.105,0
05.03.2017 00:00:00.000,180.105,180.105,180.105,180.105,0
06.03.2017 00:00:00.000,179.944,181.000,179.670,180.490,44.192
07.03.2017 00:00:00.000,181.062,181.402,180.211,180.502,45.293
08.03.2017 00:00:00.000,181.131,181.131,179.321,179.381,45.8291
09.03.2017 00:00:00.000,179.742,179.742,175.914,177.213,62.8767
10.03.2017 00:00:00.000,178.441,179.505,177.421,177.840,43.6284
11.03.2017 00:00:00.000,177.840,177.840,177.840,177.840,0
12.03.2017 00:00:00.000,177.840,177.840,177.840,177.840,0
13.03.2017 00:00:00.000,177.937,178.084,176.943,176.948,0.6272
14.03.2017 00:00:00.000,176.287,176.835,175.681,175.755,0.8103
15.03.2017 00:00:00.000,175.692,176.280,174.811,175.843,40.2784
16.03.2017 00:00:00.000,178.631,179.000,176.833,177.305,39.0958
17.03.2017 00:00:00.000,176.380,176.830,175.660,175.670,57.19
18.03.2017 00:00:00.000,175.670,175.670,175.670,175.670,0
19.03.2017 00:00:00.000,175.670,175.670,175.670,175.670,0
20.03.2017 00:00:00.000,175.640,176.190,175.190,175.750,50.1
21.03.2017 00:00:00.000,176.190,176.200,173.860,173.900,73.88
22.03.2017 00:00:00.000,174.360,175.070,172.860,174.840,68.18
23.03.2017 00:00:00.000,174.280,175.680,173.690,174.880,64.27
24.03.2017 00:00:00.000,175.360,175.600,173.400,173.923,52.4718
25.03.2017 00:00:00.000,173.923,173.923,173.923,173.923,0
26.03.2017 00:00:00.000,173.923,173.923,173.923,173.923,0
27.03.2017 00:00:00.000,172.750,174.204,172.280,173.794,64.93
28.03.2017 00:00:00.000,173.642,174.994,173.142,174.541,61.69
29.03.2017 00:00:00.000,174.413,174.534,173.522,173.963,54.4
30.03.2017 00:00:00.000,174.092,174.610,173.710,173.894,52.14
31.03.2017 00:00:00.000,174.101,174.954,173.742,174.233,49.71
01.04.2017 00:00:00.000,174.233,174.233,174.233,174.233,0
02.04.2017 00:00:00.000,174.233,174.233,174.233,174.233,0
03.04.2017 00:00:00.000,173.972,174.879,173.402,174.583,59.5476
04.04.2017 00:00:00.000,173.686,174.969,173.342,174.552,43.9296
05.04.2017 00:00:00.000,174.975,176.335,172.856,172.954,64.7709
06.04.2017 00:00:00.000,173.846,173.846,172.291,172.515,46.5654
07.04.2017 00:00:00.000,172.396,172.932,171.473,172.213,47.3168
08.04.2017 00:00:00.000,172.213,172.213,172.213,172.213,0
09.04.2017 00:00:00.000,172.213,172.213,172.213,172.213,0
10.04.2017 00:00:00.000,173.039,173.039,171.015,171.253,53.4768
11.04.2017 00:00:00.000,170.973,171.684,169.051,170.657,61.5031
12.04.2017 00:00:00.000,171.202,171.214,170.052,170.706,51.0618
13.04.2017 00:00:00.000,170.275,171.364,169.591,169.644,51.4565
14.04.2017 00:00:00.000,169.644,169.644,169.644,169.644,0
15.04.2017 00:00:00.000,169.644,169.644,169.644,169.644,0
16.04.2017 00:00:00.000,169.644,169.644,169.644,169.644,0
17.04.2017 00:00:00.000,170.601,171.766,170.004,171.766,43.0028
18.04.2017 00:00:00.000,171.109,171.712,170.002,170.082,50.9934
19.04.2017 00:00:00.000,162.078,162.657,159.791,161.718,111.9985
20.04.2017 00:00:00.000,161.474,162.422,160.582,162.328,75.9326
21.04.2017 00:00:00.000,162.354,162.475,160.397,160.422,70.9806
22.04.2017 00:00:00.000,160.422,160.422,160.422,160.422,0
23.04.2017 00:00:00.000,160.422,160.422,160.422,160.422,0
24.04.2017 00:00:00.000,161.637,161.656,160.455,160.843,61.0161
25.04.2017 00:00:00.000,161.705,162.295,160.411,160.434,55.8986
26.04.2017 00:00:00.000,160.646,161.122,159.910,160.147,59.3651
27.04.2017 00:00:00.000,160.567,160.567,159.650,160.453,60.7309
28.04.2017 00:00:00.000,160.595,160.608,159.741,160.324,53.9386
29.04.2017 00:00:00.000,160.324,160.324,160.324,160.324,0
30.04.2017 00:00:00.000,160.324,160.324,160.324,160.324,0
01.05.2017 00:00:00.000,160.394,160.442,158.710,158.947,59.2346
02.05.2017 00:00:00.000,159.626,159.655,158.664,159.115,40.7545
03.05.2017 00:00:00.000,158.927,159.451,158.560,158.745,50.2456
04.05.2017 00:00:00.000,158.989,159.174,158.367,158.906,54.3666
05.05.2017 00:00:00.000,153.665,155.826,153.109,155.085,85.3041
06.05.2017 00:00:00.000,155.085,155.085,155.085,155.085,0
07.05.2017 00:00:00.000,155.085,155.085,155.085,155.085,0
08.05.2017 00:00:00.000,152.967,153.484,152.233,153.078,72.4809
09.05.2017 00:00:00.000,153.203,153.203,151.563,152.167,63.3627
10.05.2017 00:00:00.000,151.674,152.395,151.144,151.249,52.1464
11.05.2017 00:00:00.000,151.333,151.333,149.813,150.667,66.9164
12.05.2017 00:00:00.000,150.406,151.282,150.014,150.345,51.3018
13.05.2017 00:00:00.000,150.345,150.345,150.345,150.345,0
14.05.2017 00:00:00.000,150.345,150.345,150.345,150.345,0
15.05.2017 00:00:00.000,150.672,151.846,150.503,151.577,48.9198
16.05.2017 00:00:00.000,152.454,153.994,151.744,153.726,64.0962
17.05.2017 00:00:00.000,153.390,154.162,150.917,151.066,70.4001
18.05.2017 00:00:00.000,150.864,151.351,150.177,150.877,69.1647
19.05.2017 00:00:00.000,151.001,152.474,150.932,151.977,60.3005
20.05.2017 00:00:00.000,151.977,151.977,151.977,151.977,0
21.05.2017 00:00:00.000,151.977,151.977,151.977,151.977,0
22.05.2017 00:00:00.000,152.225,152.854,151.640,152.681,50.9251
23.05.2017 00:00:00.000,152.993,153.694,151.931,152.086,48.3288
24.05.2017 00:00:00.000,152.299,152.764,151.291,152.585,40.4825
25.05.2017 00:00:00.000,153.326,153.751,152.952,153.235,49.8645
26.05.2017 00:00:00.000,153.143,153.144,152.093,152.515,39.6883
27.05.2017 00:00:00.000,152.515,152.515,152.515,152.515,0
28.05.2017 00:00:00.000,152.515,152.515,152.515,152.515,0
29.05.2017 00:00:00.000,152.515,152.515,152.515,152.515,0
30.05.2017 00:00:00.000,152.682,152.697,151.602,151.699,42.0869
31.05.2017 00:00:00.000,152.096,152.887,151.691,152.613,52.3032
01.06.2017 00:00:00.000,152.853,152.893,151.662,152.652,47.7959
02.06.2017 00:00:00.000,153.077,153.251,151.822,151.962,46.1235
03.06.2017 00:00:00.000,151.962,151.962,151.962,151.962,0
04.06.2017 00:00:00.000,151.962,151.962,151.962,151.962,0
05.06.2017 00:00:00.000,151.826,152.934,151.826,152.513,39.65
06.06.2017 00:00:00.000,152.057,152.902,152.057,152.463,41.5063
07.06.2017 00:00:00.000,153.124,154.196,150.820,151.038,63.8871
08.06.2017 00:00:00.000,151.095,152.844,150.982,152.195,58.9383
09.06.2017 00:00:00.000,152.141,154.274,151.990,154.138,61.0608
10.06.2017 00:00:00.000,154.138,154.138,154.138,154.138,0
11.06.2017 00:00:00.000,154.138,154.138,154.138,154.138,0
12.06.2017 00:00:00.000,154.277,157.204,154.125,155.266,75.6304
13.06.2017 00:00:00.000,155.667,155.667,154.163,154.357,54.6372
14.06.2017 00:00:00.000,153.981,154.954,152.972,153.913,53.5528
15.06.2017 00:00:00.000,153.886,154.723,153.677,154.227,57.2724
16.06.2017 00:00:00.000,154.596,155.420,152.994,155.408,47.7394
17.06.2017 00:00:00.000,155.408,155.408,155.408,155.408,0
18.06.2017 00:00:00.000,155.408,155.408,155.408,155.408,0
19.06.2017 00:00:00.000,155.845,156.096,154.542,154.897,42.3232
20.06.2017 00:00:00.000,154.500,155.399,154.310,154.943,47.3252
21.06.2017 00:00:00.000,155.200,155.500,153.400,153.720,55.58
22.06.2017 00:00:00.000,154.690,154.990,153.730,154.400,49.73
23.06.2017 00:00:00.000,154.340,154.690,153.850,154.130,47.48
24.06.2017 00:00:00.000,154.130,154.130,154.130,154.130,0
25.06.2017 00:00:00.000,154.130,154.130,154.130,154.130,0
26.06.2017 00:00:00.000,154.900,155.790,154.700,155.220,51.14
27.06.2017 00:00:00.000,155.230,155.370,154.520,154.820,67.81
28.06.2017 00:00:00.000,155.200,155.580,154.810,155.300,57.98
29.06.2017 00:00:00.000,155.350,155.750,153.680,154.180,76.22
30.06.2017 00:00:00.000,154.360,154.530,153.180,153.860,55.72
01.07.2017 00:00:00.000,153.860,153.860,153.860,153.860,0
02.07.2017 00:00:00.000,153.860,153.860,153.860,153.860,0
03.07.2017 00:00:00.000,153.800,156.040,153.660,155.720,38.79
04.07.2017 00:00:00.000,155.720,155.720,155.720,155.720,0
05.07.2017 00:00:00.000,155.650,155.910,153.640,153.680,58.8
06.07.2017 00:00:00.000,153.360,153.930,152.250,152.420,61.93
07.07.2017 00:00:00.000,152.620,153.500,152.170,152.950,47.07
08.07.2017 00:00:00.000,152.950,152.950,152.950,152.950,0
09.07.2017 00:00:00.000,152.950,152.950,152.950,152.950,0
10.07.2017 00:00:00.000,153.000,153.900,152.690,153.500,44.13
11.07.2017 00:00:00.000,153.270,153.730,152.120,153.200,61.33
12.07.2017 00:00:00.000,153.500,154.250,153.110,153.770,51.26
13.07.2017 00:00:00.000,153.940,154.200,153.260,153.640,49.01
14.07.2017 00:00:00.000,154.050,154.620,153.500,154.280,49.62
15.07.2017 00:00:00.000,154.280,154.280,154.280,154.280,0
16.07.2017 00:00:00.000,154.280,154.280,154.280,154.280,0
17.07.2017 00:00:00.000,153.870,154.000,152.240,153.000,64.02
18.07.2017 00:00:00.000,152.340,154.300,152.080,154.100,76.22
19.07.2017 00:00:00.000,150.100,150.100,146.790,147.440,95.45
20.07.2017 00:00:00.000,147.740,148.850,147.040,147.710,63.77
21.07.2017 00:00:00.000,147.660,147.900,146.540,147.010,65.73
22.07.2017 00:00:00.000,147.010,147.010,147.010,147.010,0
23.07.2017 00:00:00.000,147.010,147.010,147.010,147.010,0
24.07.2017 00:00:00.000,147.010,147.080,145.820,146.000,45.94
25.07.2017 00:00:00.000,146.700,147.500,146.040,146.190,65.43
26.07.2017 00:00:00.000,146.370,146.500,144.490,145.330,53.62
27.07.2017 00:00:00.000,145.350,145.410,143.660,145.110,72.88
28.07.2017 00:00:00.000,144.980,145.050,143.890,144.300,44.83
29.07.2017 00:00:00.000,144.300,144.300,144.300,144.300,0
30.07.2017 00:00:00.000,144.300,144.300,144.300,144.300,0
31.07.2017 00:00:00.000,144.500,144.940,144.180,144.690,48.31
01.08.2017 00:00:00.000,145.100,145.680,144.740,145.280,45.49
02.08.2017 00:00:00.000,145.000,145.290,144.250,144.450,49.66
03.08.2017 00:00:00.000,144.590,145.340,144.470,144.940,56.85
04.08.2017 00:00:00.000,145.200,145.390,144.460,145.160,38.42
05.08.2017 00:00:00.000,145.160,145.160,145.160,145.160,0
06.08.2017 00:00:00.000,145.160,145.160,145.160,145.160,0
07.08.2017 00:00:00.000,144.930,145.100,142.770,143.480,54.41
08.08.2017 00:00:00.000,142.450,142.850,142.030,142.160,53.23
09.08.2017 00:00:00.000,142.000,142.000,141.210,141.750,53.4
10.08.2017 00:00:00.000,141.750,142.440,141.350,141.930,67.07
11.08.2017 00:00:00.000,142.530,142.600,141.570,141.880,51.84
12.08.2017 00:00:00.000,141.880,141.880,141.880,141.880,0
13.08.2017 00:00:00.000,141.880,141.880,141.880,141.880,0
14.08.2017 00:00:00.000,142.250,142.760,141.990,142.310,44.69
15.08.2017 00:00:00.000,142.660,143.340,140.620,142.080,65.01
16.08.2017 00:00:00.000,141.920,142.930,141.800,142.500,52.83
17.08.2017 00:00:00.000,142.530,142.910,140.760,140.770,63.68
18.08.2017 00:00:00.000,140.940,141.170,139.640,139.700,55.88
19.08.2017 00:00:00.000,139.700,139.700,139.700,139.700,0
20.08.2017 00:00:00.000,139.700,139.700,139.700,139.700,0
21.08.2017 00:00:00.000,139.670,140.450,139.220,140.340,46.76
22.08.2017 00:00:00.000,140.830,141.180,140.390,141.020,37.78
23.08.2017 00:00:00.000,140.960,143.060,140.810,142.210,53.21
24.08.2017 00:00:00.000,142.570,143.700,142.320,143.000,53.98
25.08.2017 00:00:00.000,143.750,144.200,143.340,143.820,41.69
26.08.2017 00:00:00.000,143.820,143.820,143.820,143.820,0
27.08.2017 00:00:00.000,143.820,143.820,143.820,143.820,0
28.08.2017 00:00:00.000,144.200,144.600,142.390,142.520,43.72
29.08.2017 00:00:00.000,142.230,143.440,142.070,143.170,42.86
30.08.2017 00:00:00.000,143.510,143.510,142.420,142.580,51.69
31.08.2017 00:00:00.000,143.010,143.690,142.730,143.080,52.17
01.09.2017 00:00:00.000,143.240,144.510,143.240,144.120,40.77
02.09.2017 00:00:00.000,144.120,144.120,144.120,144.120,0
03.09.2017 00:00:00.000,144.120,144.120,144.120,144.120,0
04.09.2017 00:00:00.000,144.120,144.120,144.120,144.120,0
05.09.2017 00:00:00.000,143.850,144.400,142.740,143.090,56.15
06.09.2017 00:00:00.000,144.040,144.500,143.670,143.840,41.26
07.09.2017 00:00:00.000,144.400,144.710,142.410,142.820,54.12
08.09.2017 00:00:00.000,143.060,143.060,141.670,142.470,46.77
09.09.2017 00:00:00.000,142.470,142.470,142.470,142.470,0
10.09.2017 00:00:00.000,142.470,142.470,142.470,142.470,0
11.09.2017 00:00:00.000,143.660,145.140,143.110,144.830,49.65
12.09.2017 00:00:00.000,145.010,146.390,144.570,145.800,62.23
13.09.2017 00:00:00.000,145.810,146.300,145.460,146.090,54.08
14.09.2017 00:00:00.000,146.000,146.390,145.530,145.570,52.88
15.09.2017 00:00:00.000,144.810,145.220,144.122,144.842,36.6493
16.09.2017 00:00:00.000,144.842,144.842,144.842,144.842,0
17.09.2017 00:00:00.000,144.842,144.842,144.842,144.842,0
18.09.2017 00:00:00.000,144.843,145.492,144.302,144.582,27.9514
19.09.2017 00:00:00.000,145.002,145.002,144.232,144.403,34.5875
20.09.2017 00:00:00.000,145.113,145.883,144.493,145.862,47.9891
21.09.2017 00:00:00.000,145.663,145.942,145.123,145.323,34.4125
22.09.2017 00:00:00.000,145.783,145.783,144.722,145.052,41.0359
23.09.2017 00:00:00.000,145.052,145.052,145.052,145.052,0
24.09.2017 00:00:00.000,145.052,145.052,145.052,145.052,0
25.09.2017 00:00:00.000,145.112,146.033,144.952,145.902,45.1407
26.09.2017 00:00:00.000,146.652,147.433,145.992,146.622,44.6284
27.09.2017 00:00:00.000,146.852,146.982,145.032,145.692,46.0556
28.09.2017 00:00:00.000,146.373,146.373,144.282,145.652,53.1923
29.09.2017 00:00:00.000,145.992,145.992,144.932,145.023,35.4087
30.09.2017 00:00:00.000,145.023,145.023,145.023,145.023,0
01.10.2017 00:00:00.000,145.023,145.023,145.023,145.023,0
02.10.2017 00:00:00.000,145.643,146.873,145.282,146.682,41.768
03.10.2017 00:00:00.000,146.733,147.212,146.403,146.803,28.6215
04.10.2017 00:00:00.000,146.810,147.033,146.212,146.492,38.7726
05.10.2017 00:00:00.000,146.893,147.553,146.592,146.743,24.3482
06.10.2017 00:00:00.000,146.712,146.903,146.332,146.532,27.8039
07.10.2017 00:00:00.000,146.532,146.532,146.532,146.532,0
08.10.2017 00:00:00.000,146.532,146.532,146.532,146.532,0
09.10.2017 00:00:00.000,146.732,147.793,146.462,147.402,28.4074
10.10.2017 00:00:00.000,147.713,148.963,147.702,148.542,33.42
11.10.2017 00:00:00.000,149.222,149.222,147.292,147.583,27.4311
12.10.2017 00:00:00.000,147.623,147.883,146.842,147.012,30.183
13.10.2017 00:00:00.000,147.702,147.872,146.962,147.142,32.7089
14.10.2017 00:00:00.000,147.142,147.142,147.142,147.142,0
15.10.2017 00:00:00.000,147.142,147.142,147.142,147.142,0
16.10.2017 00:00:00.000,147.682,147.682,146.522,146.802,31.9789
17.10.2017 00:00:00.000,146.802,147.133,146.192,146.483,35.0569
18.10.2017 00:00:00.000,157.282,161.233,157.002,159.552,95.2062
19.10.2017 00:00:00.000,159.833,160.962,159.102,160.932,44.9033
20.10.2017 00:00:00.000,161.222,162.483,159.783,162.082,42.3867
21.10.2017 00:00:00.000,162.082,162.082,162.082,162.082,0
22.10.2017 00:00:00.000,162.082,162.082,162.082,162.082,0
23.10.2017 00:00:00.000,162.372,162.503,159.552,159.593,43.6168
24.10.2017 00:00:00.000,160.202,160.202,155.222,155.892,61.2151
25.10.2017 00:00:00.000,156.193,156.262,153.103,153.502,61.1158
26.10.2017 00:00:00.000,154.453,155.122,153.602,153.603,37.371
27.10.2017 00:00:00.000,154.633,154.753,152.972,153.702,40.8893
28.10.2017 00:00:00.000,153.702,153.702,153.702,153.702,0
29.10.2017 00:00:00.000,153.702,153.702,153.702,153.702,0
30.10.2017 00:00:00.000,153.760,154.600,152.780,154.360,39.3923
31.10.2017 00:00:00.000,154.353,154.950,152.950,154.100,37.7463
01.11.2017 00:00:00.000,154.200,154.900,153.840,154.040,34.3654
02.11.2017 00:00:00.000,154.240,154.510,152.950,153.353,37.1671
03.11.2017 00:00:00.000,153.642,153.642,151.502,151.593,39.4672
04.11.2017 00:00:00.000,151.593,151.593,151.593,151.593,0
05.11.2017 00:00:00.000,151.593,151.593,151.593,151.593,0
06.11.2017 00:00:00.000,152.242,152.242,150.282,150.863,43.53
07.11.2017 00:00:00.000,151.722,151.723,150.583,151.362,41.7736
08.11.2017 00:00:00.000,151.802,151.803,150.292,151.612,37.3843
09.11.2017 00:00:00.000,149.932,151.843,149.913,150.312,52.1342
10.11.2017 00:00:00.000,150.823,150.823,149.143,149.192,41.4022
11.11.2017 00:00:00.000,149.192,149.192,149.192,149.192,0
12.11.2017 00:00:00.000,149.192,149.192,149.192,149.192,0
13.11.2017 00:00:00.000,149.012,149.083,147.952,148.472,28.9601
14.11.2017 00:00:00.000,148.162,148.983,147.502,148.892,36.0288
15.11.2017 00:00:00.000,147.902,148.893,146.253,147.142,39.6089
16.11.2017 00:00:00.000,147.963,149.643,147.643,149.132,35.6822
17.11.2017 00:00:00.000,149.553,150.172,148.902,149.013,35.8821
18.11.2017 00:00:00.000,149.013,149.013,149.013,149.013,0
19.11.2017 00:00:00.000,149.013,149.013,149.013,149.013,0
20.11.2017 00:00:00.000,150.973,151.943,149.922,150.552,40.5577
21.11.2017 00:00:00.000,151.352,152.462,151.352,151.942,34.6699
22.11.2017 00:00:00.000,152.080,152.413,151.342,151.763,32.1588
23.11.2017 00:00:00.000,151.763,151.763,151.763,151.763,0
24.11.2017 00:00:00.000,152.462,152.462,151.372,151.872,15.0896
25.11.2017 00:00:00.000,151.872,151.872,151.872,151.872,0
26.11.2017 00:00:00.000,151.872,151.872,151.872,151.872,0
27.11.2017 00:00:00.000,152.183,152.492,151.632,151.982,31.9705
28.11.2017 00:00:00.000,152.653,152.943,151.842,152.482,35.4229
29.11.2017 00:00:00.000,152.883,153.623,152.202,153.572,37.803
30.11.2017 00:00:00.000,154.192,154.443,153.092,153.953,55.4679
01.12.2017 00:00:00.000,154.482,155.033,153.032,154.722,67.7913
02.12.2017 00:00:00.000,154.722,154.722,154.722,154.722,0
03.12.2017 00:00:00.000,154.722,154.722,154.722,154.722,0
04.12.2017 00:00:00.000,156.003,156.812,155.132,156.462,48.2951
05.12.2017 00:00:00.000,156.603,156.803,154.692,155.352,44.5902
06.12.2017 00:00:00.000,156.662,156.662,154.102,154.122,36.4911
07.12.2017 00:00:00.000,154.272,154.463,153.272,153.592,45.605
08.12.2017 00:00:00.000,154.152,155.033,153.573,154.822,27.1739
09.12.2017 00:00:00.000,154.822,154.822,154.822,154.822,0
10.12.2017 00:00:00.000,154.822,154.822,154.822,154.822,0
11.12.2017 00:00:00.000,155.392,155.932,154.632,155.452,35.3992
12.12.2017 00:00:00.000,155.682,157.873,155.212,156.763,41.7042
13.12.2017 00:00:00.000,157.002,157.002,153.902,153.952,58.3539
14.12.2017 00:00:00.000,154.752,155.143,153.722,154.022,38.9697
15.12.2017 00:00:00.000,154.162,154.162,152.073,152.532,47.3068
16.12.2017 00:00:00.000,152.532,152.532,152.532,152.532,0
17.12.2017 00:00:00.000,152.532,152.532,152.532,152.532,0
18.12.2017 00:00:00.000,153.603,154.212,153.243,153.413,48.254
19.12.2017 00:00:00.000,154.153,154.633,153.093,153.242,46.0754
20.12.2017 00:00:00.000,154.203,154.203,152.802,152.973,42.782
21.12.2017 00:00:00.000,153.702,153.702,151.502,151.512,42.3174
22.12.2017 00:00:00.000,151.962,153.003,151.663,152.542,36.7381
23.12.2017 00:00:00.000,152.542,152.542,152.542,152.542,0
24.12.2017 00:00:00.000,152.542,152.542,152.542,152.542,0
25.12.2017 00:00:00.000,152.542,152.542,152.542,152.542,0
26.12.2017 00:00:00.000,152.753,153.873,152.523,152.853,36.3631
27.12.2017 00:00:00.000,153.003,153.193,152.652,153.123,29.1419
28.12.2017 00:00:00.000,153.742,154.132,153.382,154.013,30.9974
29.12.2017 00:00:00.000,154.503,154.703,153.423,153.533,39.7602
30.12.2017 00:00:00.000,153.533,153.533,153.533,153.533,0
31.12.2017 00:00:00.000,153.533,153.533,153.533,153.533,0
01.01.2018 00:00:00.000,153.533,153.533,153.533,153.533,0
02.01.2018 00:00:00.000,154.662,154.833,153.582,154.273,48.1728
03.01.2018 00:00:00.000,157.452,159.833,156.372,158.462,69.7869
04.01.2018 00:00:00.000,159.843,162.333,159.492,161.683,59.2983
05.01.2018 00:00:00.000,162.703,162.913,161.152,162.543,53.9684
06.01.2018 00:00:00.000,162.543,162.543,162.543,162.543,0
07.01.2018 00:00:00.000,162.543,162.543,162.543,162.543,0
08.01.2018 00:00:00.000,162.853,163.952,161.732,163.413,52.4668
09.01.2018 00:00:00.000,164.543,164.543,163.073,163.873,58.357
10.01.2018 00:00:00.000,163.663,164.342,162.932,164.263,34.259
11.01.2018 00:00:00.000,164.953,164.993,163.312,164.213,44.1716
12.01.2018 00:00:00.000,164.483,164.843,163.042,163.143,46.5279
13.01.2018 00:00:00.000,163.143,163.143,163.143,163.143,0
14.01.2018 00:00:00.000,163.143,163.143,163.143,163.143,0
15.01.2018 00:00:00.000,163.143,163.143,163.143,163.143,0
16.01.2018 00:00:00.000,165.402,165.402,163.392,163.833,71.2691
17.01.2018 00:00:00.000,168.702,169.132,167.292,168.483,67.1585
18.01.2018 00:00:00.000,170.192,171.173,168.163,169.172,76.8644
19.01.2018 00:00:00.000,164.432,165.403,161.343,162.402,97.9706
20.01.2018 00:00:00.000,162.402,162.402,162.402,162.402,0
21.01.2018 00:00:00.000,162.402,162.402,162.402,162.402,0
22.01.2018 00:00:00.000,161.673,164.002,161.152,162.603,84.2199
23.01.2018 00:00:00.000,163.003,166.262,162.812,166.262,69.2782
24.01.2018 00:00:00.000,166.982,168.742,164.872,165.403,62.5387
25.01.2018 00:00:00.000,166.423,166.802,165.202,165.472,48.09
26.01.2018 00:00:00.000,166.202,167.432,165.823,167.323,39.1186
27.01.2018 00:00:00.000,167.323,167.323,167.323,167.323,0
28.01.2018 00:00:00.000,167.323,167.323,167.323,167.323,0
29.01.2018 00:00:00.000,167.432,168.393,166.052,166.812,43.5558
30.01.2018 00:00:00.000,166.582,166.783,163.163,163.653,63.8768
31.01.2018 00:00:00.000,163.992,165.003,162.793,163.812,59.7439
01.02.2018 00:00:00.000,163.292,164.163,161.933,162.443,66.0436
02.02.2018 00:00:00.000,161.493,162.293,158.883,159.032,78.9892
03.02.2018 00:00:00.000,159.032,159.032,159.032,159.032,0
04.02.2018 00:00:00.000,159.032,159.032,159.032,159.032,0
05.02.2018 00:00:00.000,158.203,158.882,150.208,152.593,111.8516
06.02.2018 00:00:00.000,150.582,155.503,149.283,155.402,133.9419
07.02.2018 00:00:00.000,154.993,155.343,153.463,153.892,133.9594
08.02.2018 00:00:00.000,152.513,153.492,147.592,147.592,108.9706
09.02.2018 00:00:00.000,148.992,150.553,144.432,149.643,97.9244
10.02.2018 00:00:00.000,149.643,149.643,149.643,149.643,0
11.02.2018 00:00:00.000,149.643,149.643,149.643,149.643,0
12.02.2018 00:00:00.000,151.053,152.443,150.313,151.402,95.228
13.02.2018 00:00:00.000,151.102,151.393,149.662,150.823,57.5181
14.02.2018 00:00:00.000,150.372,155.003,150.142,154.782,61.6279
15.02.2018 00:00:00.000,155.593,156.873,153.742,155.993,60.4553
16.02.2018 00:00:00.000,155.903,157.813,155.852,156.212,67.0697
17.02.2018 00:00:00.000,156.212,156.212,156.212,156.212,0
18.02.2018 00:00:00.000,156.212,156.212,156.212,156.212,0
19.02.2018 00:00:00.000,156.212,156.212,156.212,156.212,0
20.02.2018 00:00:00.000,155.813,155.863,153.902,155.183,70.317
21.02.2018 00:00:00.000,155.742,156.823,153.923,154.013,35.2482
22.02.2018 00:00:00.000,154.672,155.083,152.812,153.202,40.4153
23.02.2018 00:00:00.000,154.472,155.923,154.132,155.523,35.6829
24.02.2018 00:00:00.000,155.523,155.523,155.523,155.523,0
25.02.2018 00:00:00.000,155.523,155.523,155.523,155.523,0
26.02.2018 00:00:00.000,156.213,158.883,156.082,158.603,35.6261
27.02.2018 00:00:00.000,158.582,159.793,156.602,156.603,58.2196
28.02.2018 00:00:00.000,157.602,158.183,155.872,155.992,43.3018
01.03.2018 00:00:00.000,156.393,157.002,152.852,153.802,69.8185
02.03.2018 00:00:00.000,152.953,154.763,151.982,154.503,48.4605
03.03.2018 00:00:00.000,154.503,154.503,154.503,154.503,0
04.03.2018 00:00:00.000,154.503,154.503,154.503,154.503,0
05.03.2018 00:00:00.000,154.212,157.492,154.212,156.972,49.6483
06.03.2018 00:00:00.000,157.613,157.912,155.172,155.763,37.9059
07.03.2018 00:00:00.000,154.912,158.843,154.763,158.333,45.2218
08.03.2018 00:00:00.000,159.162,159.603,155.082,156.253,39.235
09.03.2018 00:00:00.000,157.503,159.613,157.423,159.332,46.4469
10.03.2018 00:00:00.000,159.332,159.332,159.332,159.332,0
11.03.2018 00:00:00.000,159.332,159.332,159.332,159.332,0
12.03.2018 00:00:00.000,159.952,161.023,158.972,160.282,39.8171
13.03.2018 00:00:00.000,160.332,162.153,158.833,159.333,54.5292
14.03.2018 00:00:00.000,160.182,160.703,157.772,158.102,56.4509
15.03.2018 00:00:00.000,158.763,161.302,158.650,159.662,42.8306
16.03.2018 00:00:00.000,160.123,162.013,159.713,160.315,25.2532
17.03.2018 00:00:00.000,160.315,160.315,160.315,160.315,0
18.03.2018 00:00:00.000,160.315,160.315,160.315,160.315,0
19.03.2018 00:00:00.000,159.962,159.973,156.483,157.443,42.5312
20.03.2018 00:00:00.000,157.670,158.012,155.303,156.222,34.491
21.03.2018 00:00:00.000,156.523,158.262,156.002,156.702,38.1012
22.03.2018 00:00:00.000,154.773,155.263,152.052,152.093,75.4332
23.03.2018 00:00:00.000,152.352,152.623,148.583,148.893,87.1211
24.03.2018 00:00:00.000,148.893,148.893,148.893,148.893,0
25.03.2018 00:00:00.000,148.893,148.893,148.893,148.893,0
26.03.2018 00:00:00.000,151.553,153.703,150.322,153.402,61.3886
27.03.2018 00:00:00.000,154.612,154.893,151.162,151.953,82.2464
28.03.2018 00:00:00.000,152.402,153.913,151.922,152.553,93.9338
29.03.2018 00:00:00.000,153.432,153.913,151.102,153.453,65.1588
30.03.2018 00:00:00.000,153.453,153.453,153.453,153.453,0
31.03.2018 00:00:00.000,153.453,153.453,153.453,153.453,0
01.04.2018 00:00:00.000,153.453,153.453,153.453,153.453,0
02.04.2018 00:00:00.000,153.392,153.403,148.502,150.063,81.648
03.04.2018 00:00:00.000,151.253,151.253,148.340,149.882,61.5375
04.04.2018 00:00:00.000,148.342,154.492,147.462,154.142,52.6359
05.04.2018 00:00:00.000,154.503,154.952,153.382,154.133,51.4258
06.04.2018 00:00:00.000,153.633,154.003,149.602,150.583,78.7075
07.04.2018 00:00:00.000,150.583,150.583,150.583,150.583,0
08.04.2018 00:00:00.000,150.583,150.583,150.583,150.583,0
09.04.2018 00:00:00.000,152.013,154.673,151.843,152.702,41.2647
10.04.2018 00:00:00.000,155.553,156.632,154.762,155.402,70.5478
11.04.2018 00:00:00.000,154.375,155.803,153.893,155.363,68.7639
12.04.2018 00:00:00.000,157.302,158.983,157.002,158.093,61.7373
13.04.2018 00:00:00.000,158.802,159.273,155.932,156.703,52.1439
14.04.2018 00:00:00.000,156.703,156.703,156.703,156.703,0
15.04.2018 00:00:00.000,156.703,156.703,156.703,156.703,0
16.04.2018 00:00:00.000,158.012,159.162,157.823,157.923,53.5391
17.04.2018 00:00:00.000,159.022,162.003,158.523,160.973,46.4331
18.04.2018 00:00:00.000,152.342,152.632,148.272,148.693,56.6264
19.04.2018 00:00:00.000,149.002,149.262,146.642,147.702,41.3135
20.04.2018 00:00:00.000,148.403,148.403,144.532,144.913,34.9401
21.04.2018 00:00:00.000,144.913,144.913,144.913,144.913,0
22.04.2018 00:00:00.000,144.913,144.913,144.913,144.913,0
23.04.2018 00:00:00.000,145.202,145.973,144.392,145.862,41.3577
24.04.2018 00:00:00.000,146.753,147.333,144.553,145.562,55.5607
25.04.2018 00:00:00.000,146.322,146.322,144.132,145.912,92.693
26.04.2018 00:00:00.000,146.712,147.402,146.252,146.753,129.0457
27.04.2018 00:00:00.000,146.852,147.323,145.692,146.473,128.9779
28.04.2018 00:00:00.000,146.473,146.473,146.473,146.473,0
29.04.2018 00:00:00.000,146.473,146.473,146.473,146.473,0
30.04.2018 00:00:00.000,147.073,147.413,144.992,144.993,104.9849
01.05.2018 00:00:00.000,145.103,145.103,143.512,145.012,16.7726
02.05.2018 00:00:00.000,144.645,144.902,142.102,142.442,20.2987
03.05.2018 00:00:00.000,142.042,142.253,139.933,141.972,19.6771
04.05.2018 00:00:00.000,141.252,144.373,140.322,143.913,17.7156
05.05.2018 00:00:00.000,143.913,143.913,143.913,143.913,0
06.05.2018 00:00:00.000,143.913,143.913,143.913,143.913,0
07.05.2018 00:00:00.000,144.352,144.352,142.662,143.262,22.151
08.05.2018 00:00:00.000,143.562,143.562,142.112,143.012,58.4332
09.05.2018 00:00:00.000,141.913,143.043,141.312,142.643,148.1962
10.05.2018 00:00:00.000,143.263,144.353,143.042,144.253,94.524
11.05.2018 00:00:00.000,144.363,144.893,143.612,144.172,46.4332
12.05.2018 00:00:00.000,144.172,144.172,144.172,144.172,0
13.05.2018 00:00:00.000,144.172,144.172,144.172,144.172,0
14.05.2018 00:00:00.000,144.565,145.142,144.162,144.323,45.0984
15.05.2018 00:00:00.000,143.573,144.013,142.972,143.763,39.5062
16.05.2018 00:00:00.000,143.812,145.043,143.782,144.642,27.9027
17.05.2018 00:00:00.000,144.513,145.222,143.792,144.503,33.8592
18.05.2018 00:00:00.000,144.903,144.963,144.013,144.092,36.738
19.05.2018 00:00:00.000,144.092,144.092,144.092,144.092,0
20.05.2018 00:00:00.000,144.092,144.092,144.092,144.092,0
21.05.2018 00:00:00.000,145.012,146.063,144.992,145.492,39.3114
22.05.2018 00:00:00.000,145.713,146.223,145.022,145.113,52.5951
23.05.2018 00:00:00.000,144.493,144.713,143.512,144.683,76.663
24.05.2018 00:00:00.000,144.813,144.813,142.992,144.053,70.6144
25.05.2018 00:00:00.000,144.012,144.622,143.482,143.662,54.3626
26.05.2018 00:00:00.000,143.662,143.662,143.662,143.662,0
27.05.2018 00:00:00.000,143.662,143.662,143.662,143.662,0
28.05.2018 00:00:00.000,143.662,143.662,143.662,143.662,0
29.05.2018 00:00:00.000,142.763,143.013,140.233,141.212,61.2656
30.05.2018 00:00:00.000,142.078,143.123,141.862,142.623,66.3622
31.05.2018 00:00:00.000,142.642,142.793,141.062,141.332,58.9903
01.06.2018 00:00:00.000,142.492,142.893,141.652,141.992,57.2171
02.06.2018 00:00:00.000,141.992,141.992,141.992,141.992,0
03.06.2018 00:00:00.000,141.992,141.992,141.992,141.992,0
04.06.2018 00:00:00.000,142.643,143.213,142.272,143.043,37.1371
05.06.2018 00:00:00.000,143.252,144.102,143.232,143.743,35.0062
06.06.2018 00:00:00.000,144.402,144.733,143.552,144.693,36.2832
07.06.2018 00:00:00.000,145.472,146.723,145.002,145.383,48.7989
08.06.2018 00:00:00.000,145.372,146.452,144.403,146.173,56.0035
09.06.2018 00:00:00.000,146.173,146.173,146.173,146.173,0
10.06.2018 00:00:00.000,146.173,146.173,146.173,146.173,0
11.06.2018 00:00:00.000,146.992,147.443,146.582,146.592,51.1071
12.06.2018 00:00:00.000,147.172,147.533,146.632,146.882,51.2207
13.06.2018 00:00:00.000,147.012,147.492,146.232,146.353,49.7517
14.06.2018 00:00:00.000,146.663,147.013,145.112,145.222,59.6106
15.06.2018 00:00:00.000,144.983,145.493,143.752,145.402,57.5206
16.06.2018 00:00:00.000,145.402,145.402,145.402,145.402,0
17.06.2018 00:00:00.000,145.402,145.402,145.402,145.402,0
18.06.2018 00:00:00.000,144.263,144.543,143.183,144.492,59.1497
19.06.2018 00:00:00.000,143.070,144.332,143.062,143.952,61.5214
20.06.2018 00:00:00.000,144.502,144.533,142.432,142.683,55.7344
21.06.2018 00:00:00.000,142.662,143.303,140.852,141.292,68.7885
22.06.2018 00:00:00.000,141.693,141.823,140.812,141.282,57.4885
23.06.2018 00:00:00.000,141.282,141.282,141.282,141.282,0
24.06.2018 00:00:00.000,141.282,141.282,141.282,141.282,0
25.06.2018 00:00:00.000,141.083,141.083,138.302,138.853,121.1359
26.06.2018 00:00:00.000,139.823,140.133,138.372,139.052,83.8771
27.06.2018 00:00:00.000,139.123,139.823,137.482,137.582,84.9713
28.06.2018 00:00:00.000,138.163,140.552,138.002,140.062,104.5444
29.06.2018 00:00:00.000,141.092,141.382,139.672,139.722,71.7435
30.06.2018 00:00:00.000,139.722,139.722,139.722,139.722,0
01.07.2018 00:00:00.000,139.722,139.722,139.722,139.722,0
02.07.2018 00:00:00.000,138.843,140.263,138.442,139.912,61.897
03.07.2018 00:00:00.000,140.723,140.983,139.392,139.683,31.615
04.07.2018 00:00:00.000,139.683,139.683,139.683,139.683,0
05.07.2018 00:00:00.000,140.963,141.442,140.052,141.413,56.5892
06.07.2018 00:00:00.000,141.762,142.983,141.193,142.473,73.2874
07.07.2018 00:00:00.000,142.473,142.473,142.473,142.473,0
08.07.2018 00:00:00.000,142.473,142.473,142.473,142.473,0
09.07.2018 00:00:00.000,142.913,144.733,142.532,144.433,51.5665
10.07.2018 00:00:00.000,144.963,145.603,144.273,144.713,55.2706
11.07.2018 00:00:00.000,144.193,146.203,144.162,144.983,61.0704
12.07.2018 00:00:00.000,146.102,146.863,145.833,146.502,49.0373
13.07.2018 00:00:00.000,146.642,147.003,145.822,145.952,45.2795
14.07.2018 00:00:00.000,145.952,145.952,145.952,145.952,0
15.07.2018 00:00:00.000,145.952,145.952,145.952,145.952,0
16.07.2018 00:00:00.000,146.382,146.382,144.263,145.473,44.1632
17.07.2018 00:00:00.000,145.003,145.013,143.362,143.542,66.7329
18.07.2018 00:00:00.000,143.622,144.812,142.802,144.533,59.7376
19.07.2018 00:00:00.000,148.012,150.553,147.313,149.232,67.3406
20.07.2018 00:00:00.000,148.213,148.902,146.282,146.382,47.035
21.07.2018 00:00:00.000,146.382,146.382,146.382,146.382,0
22.07.2018 00:00:00.000,146.382,146.382,146.382,146.382,0
23.07.2018 00:00:00.000,146.383,146.703,145.032,145.722,40.178
24.07.2018 00:00:00.000,146.662,147.072,145.952,146.393,44.3701
25.07.2018 00:00:00.000,146.453,146.702,145.522,146.633,40.3671
26.07.2018 00:00:00.000,147.443,149.302,146.662,146.722,42.9562
27.07.2018 00:00:00.000,147.333,147.333,144.702,145.173,42.2718
28.07.2018 00:00:00.000,145.173,145.173,145.173,145.173,0
29.07.2018 00:00:00.000,145.173,145.173,145.173,145.173,0
30.07.2018 00:00:00.000,145.052,146.273,144.743,145.473,48.5426
31.07.2018 00:00:00.000,145.843,145.902,144.183,144.863,40.7057
01.08.2018 00:00:00.000,144.942,145.273,143.352,143.522,51.3805
02.08.2018 00:00:00.000,143.012,143.383,142.352,143.073,50.5396
03.08.2018 00:00:00.000,143.922,147.943,143.092,147.722,49.6896
04.08.2018 00:00:00.000,147.722,147.722,147.722,147.722,0
05.08.2018 00:00:00.000,147.722,147.722,147.722,147.722,0
06.08.2018 00:00:00.000,147.013,147.252,145.612,146.043,39.9018
07.08.2018 00:00:00.000,146.713,147.653,146.462,147.052,34.5697
08.08.2018 00:00:00.000,147.813,147.813,146.262,146.873,29.7171
09.08.2018 00:00:00.000,145.413,146.012,144.752,144.812,30.3031
10.08.2018 00:00:00.000,144.963,145.133,143.893,144.452,41.8923
11.08.2018 00:00:00.000,144.452,144.452,144.452,144.452,0
12.08.2018 00:00:00.000,144.452,144.452,144.452,144.452,0
13.08.2018 00:00:00.000,144.512,144.512,142.542,142.732,39.6069
14.08.2018 00:00:00.000,143.472,143.853,142.962,143.383,37.9329
15.08.2018 00:00:00.000,142.712,144.013,142.193,143.923,55.8559
16.08.2018 00:00:00.000,144.792,145.693,144.383,145.372,38.8978
17.08.2018 00:00:00.000,145.022,146.412,144.783,146.033,35.944
18.08.2018 00:00:00.000,146.033,146.033,146.033,146.033,0
19.08.2018 00:00:00.000,146.033,146.033,146.033,146.033,0
20.08.2018 00:00:00.000,146.403,147.202,146.173,146.523,29.2161
21.08.2018 00:00:00.000,147.263,147.263,145.922,146.012,32.2188
22.08.2018 00:00:00.000,146.152,146.193,145.222,145.272,30.6335
23.08.2018 00:00:00.000,145.182,145.533,144.802,145.393,34.5321
24.08.2018 00:00:00.000,145.682,146.103,144.923,146.062,28.5928
25.08.2018 00:00:00.000,146.062,146.062,146.062,146.062,0
26.08.2018 00:00:00.000,146.062,146.062,146.062,146.062,0
27.08.2018 00:00:00.000,147.012,147.673,146.532,146.713,33.7235
28.08.2018 00:00:00.000,147.052,147.052,146.203,146.602,29.9566
29.08.2018 00:00:00.000,147.013,147.943,146.652,147.593,31.4921
30.08.2018 00:00:00.000,147.263,147.263,145.282,145.943,38.7248
31.08.2018 00:00:00.000,145.943,146.803,145.583,146.483,35.266
01.09.2018 00:00:00.000,146.483,146.483,146.483,146.483,0
02.09.2018 00:00:00.000,146.483,146.483,146.483,146.483,0
03.09.2018 00:00:00.000,146.483,146.483,146.483,146.483,0
04.09.2018 00:00:00.000,145.452,145.802,144.842,145.692,42.9596
05.09.2018 00:00:00.000,145.473,146.762,145.092,146.702,41.3104
06.09.2018 00:00:00.000,146.933,147.673,145.552,146.453,53.5064
07.09.2018 00:00:00.000,146.512,146.585,145.162,145.493,67.9998
08.09.2018 00:00:00.000,145.493,145.493,145.493,145.493,0
09.09.2018 00:00:00.000,145.493,145.493,145.493,145.493,0
10.09.2018 00:00:00.000,146.503,147.322,145.582,145.672,58.0738
11.09.2018 00:00:00.000,146.493,147.013,145.303,146.512,51.7142
12.09.2018 00:00:00.000,146.512,147.983,146.073,146.583,69.2157
13.09.2018 00:00:00.000,147.512,149.013,147.142,148.953,45.445
14.09.2018 00:00:00.000,148.973,149.313,147.793,148.323,36.5722
15.09.2018 00:00:00.000,148.323,148.323,148.323,148.323,0
16.09.2018 00:00:00.000,148.323,148.323,148.323,148.323,0
17.09.2018 00:00:00.000,148.533,149.092,147.792,148.002,39.3968
18.09.2018 00:00:00.000,147.782,149.012,147.492,148.592,37.774
19.09.2018 00:00:00.000,148.942,149.972,148.772,149.103,41.8954
20.09.2018 00:00:00.000,149.723,151.393,149.502,151.203,41.561
21.09.2018 00:00:00.000,151.912,152.623,150.762,151.283,51.8694
22.09.2018 00:00:00.000,151.283,151.283,151.283,151.283,0
23.09.2018 00:00:00.000,151.283,151.283,151.283,151.283,0
24.09.2018 00:00:00.000,151.272,151.272,149.483,150.072,59.9453
25.09.2018 00:00:00.000,150.053,150.473,148.412,148.933,45.591
26.09.2018 00:00:00.000,152.512,153.393,151.362,151.652,58.7646
27.09.2018 00:00:00.000,152.263,152.413,151.192,151.523,46.1993
28.09.2018 00:00:00.000,151.513,151.683,150.812,151.222,50.9195
29.09.2018 00:00:00.000,151.222,151.222,151.222,151.222,0
30.09.2018 00:00:00.000,151.222,151.222,151.222,151.222,0
01.10.2018 00:00:00.000,152.202,153.452,151.873,153.052,46.6122
02.10.2018 00:00:00.000,153.003,153.862,152.523,153.753,52.1639
03.10.2018 00:00:00.000,154.043,154.423,152.832,153.213,46.3958
04.10.2018 00:00:00.000,151.753,152.823,150.392,151.312,75.4436
05.10.2018 00:00:00.000,151.332,151.683,147.913,149.022,66.5484
06.10.2018 00:00:00.000,149.022,149.022,149.022,149.022,0
07.10.2018 00:00:00.000,149.022,149.022,149.022,149.022,0
08.10.2018 00:00:00.000,148.993,149.112,147.252,148.432,58.7459
09.10.2018 00:00:00.000,148.153,148.393,146.962,147.252,47.9085
10.10.2018 00:00:00.000,147.493,147.763,142.532,142.753,98.0378
11.10.2018 00:00:00.000,142.762,144.202,138.792,139.072,116.8698
12.10.2018 00:00:00.000,141.483,141.483,139.103,140.832,98.3106
13.10.2018 00:00:00.000,140.832,140.832,140.832,140.832,0
14.10.2018 00:00:00.000,140.832,140.832,140.832,140.832,0
15.10.2018 00:00:00.000,140.433,142.302,140.172,141.193,81.8075
16.10.2018 00:00:00.000,143.542,145.442,141.603,145.123,87.4396
17.10.2018 00:00:00.000,136.333,137.173,133.442,134.048,85.7424
18.10.2018 00:00:00.000,132.813,133.412,130.063,130.513,90.1572
19.10.2018 00:00:00.000,130.893,131.913,128.032,129.153,81.8764
20.10.2018 00:00:00.000,129.153,129.153,129.153,129.153,0
21.10.2018 00:00:00.000,129.153,129.153,129.153,129.153,0
22.10.2018 00:00:00.000,129.622,130.453,128.432,130.043,84.6822
23.10.2018 00:00:00.000,129.308,131.923,128.472,131.262,88.4035
24.10.2018 00:00:00.000,131.023,131.872,127.022,127.203,102.46
25.10.2018 00:00:00.000,127.692,127.853,125.183,126.433,86.1505
26.10.2018 00:00:00.000,125.203,125.843,123.743,124.782,118.1128
27.10.2018 00:00:00.000,124.782,124.782,124.782,124.782,0
28.10.2018 00:00:00.000,124.782,124.782,124.782,124.782,0
29.10.2018 00:00:00.000,119.482,124.003,118.372,118.673,92.9244
30.10.2018 00:00:00.000,120.433,121.513,115.182,115.413,97.9453
31.10.2018 00:00:00.000,116.472,116.502,114.123,115.452,322.5197
01.11.2018 00:00:00.000,115.732,117.023,115.172,116.843,253.0688
02.11.2018 00:00:00.000,117.772,117.773,114.552,115.732,260.0894
03.11.2018 00:00:00.000,115.732,115.732,115.732,115.732,0
04.11.2018 00:00:00.000,115.732,115.732,115.732,115.732,0
05.11.2018 00:00:00.000,116.352,120.803,116.112,120.093,238.7547
06.11.2018 00:00:00.000,120.973,123.832,120.392,123.152,250.715
07.11.2018 00:00:00.000,124.032,125.083,122.463,124.863,197.2777
08.11.2018 00:00:00.000,122.982,124.603,122.862,123.412,187.6243
09.11.2018 00:00:00.000,124.192,124.613,122.022,123.552,197.3877
10.11.2018 00:00:00.000,123.552,123.552,123.552,123.552,0
11.11.2018 00:00:00.000,123.552,123.552,123.552,123.552,0
12.11.2018 00:00:00.000,124.132,124.133,120.733,120.943,165.8125
13.11.2018 00:00:00.000,121.492,122.302,119.972,120.882,172.274
14.11.2018 00:00:00.000,121.523,121.992,119.812,120.213,193.8844
15.11.2018 00:00:00.000,119.822,121.483,119.562,121.423,108.7425
16.11.2018 00:00:00.000,121.302,121.873,120.602,121.613,60.822
17.11.2018 00:00:00.000,121.613,121.613,121.613,121.613,0
18.11.2018 00:00:00.000,121.613,121.613,121.613,121.613,0
19.11.2018 00:00:00.000,121.733,122.242,119.792,120.392,87.8508
20.11.2018 00:00:00.000,119.033,119.523,116.722,117.273,102.888
21.11.2018 00:00:00.000,117.742,119.553,117.433,118.622,65.1239
22.11.2018 00:00:00.000,118.622,118.622,118.622,118.622,0
23.11.2018 00:00:00.000,118.288,118.403,116.953,117.195,26.866
24.11.2018 00:00:00.000,117.195,117.195,117.195,117.195,0
25.11.2018 00:00:00.000,117.195,117.195,117.195,117.195,0
26.11.2018 00:00:00.000,118.513,120.303,118.182,119.542,56.9083
27.11.2018 00:00:00.000,119.013,120.063,118.573,120.002,57.6513
28.11.2018 00:00:00.000,121.442,123.113,120.262,123.002,62.5892
29.11.2018 00:00:00.000,122.812,123.193,121.432,121.482,51.3243
30.11.2018 00:00:00.000,121.922,124.703,121.532,124.292,60.2254
01.12.2018 00:00:00.000,124.292,124.292,124.292,124.292,0
02.12.2018 00:00:00.000,124.292,124.292,124.292,124.292,0
03.12.2018 00:00:00.000,125.862,126.652,124.422,125.352,94.6239
04.12.2018 00:00:00.000,125.003,125.003,121.382,121.682,130.1296
05.12.2018 00:00:00.000,121.682,121.682,121.682,121.682,0
06.12.2018 00:00:00.000,120.213,123.913,119.752,123.893,129.2068
07.12.2018 00:00:00.000,124.282,124.282,118.902,119.393,94.4795
08.12.2018 00:00:00.000,119.393,119.393,119.393,119.393,0
09.12.2018 00:00:00.000,119.393,119.393,119.393,119.393,0
10.12.2018 00:00:00.000,120.213,121.733,118.582,121.152,107.8751
11.12.2018 00:00:00.000,123.512,123.903,120.043,120.922,114.6083
12.12.2018 00:00:00.000,122.962,123.332,121.023,121.192,88.8946
13.12.2018 00:00:00.000,121.512,122.003,120.192,120.772,91.0142
14.12.2018 00:00:00.000,119.603,121.142,119.512,119.942,71.0184
15.12.2018 00:00:00.000,119.942,119.942,119.942,119.942,0
16.12.2018 00:00:00.000,119.942,119.942,119.942,119.942,0
17.12.2018 00:00:00.000,119.432,119.913,115.093,116.103,115.4967
18.12.2018 00:00:00.000,117.443,118.253,116.062,116.692,89.7585
19.12.2018 00:00:00.000,117.212,120.363,116.002,116.513,111.0844
20.12.2018 00:00:00.000,115.913,116.263,111.773,113.053,160.0705
21.12.2018 00:00:00.000,113.423,115.503,110.482,111.243,132.3772
22.12.2018 00:00:00.000,111.243,111.243,111.243,111.243,0
23.12.2018 00:00:00.000,111.243,111.243,111.243,111.243,0
24.12.2018 00:00:00.000,110.292,110.913,107.542,107.683,73.072
25.12.2018 00:00:00.000,107.683,107.683,107.683,107.683,0
26.12.2018 00:00:00.000,108.432,111.413,105.993,111.413,121.0402
27.12.2018 00:00:00.000,110.013,113.812,109.522,113.783,95.0844
28.12.2018 00:00:00.000,114.143,114.873,112.503,112.962,104.6918
29.12.2018 00:00:00.000,112.962,112.962,112.962,112.962,0
30.12.2018 00:00:00.000,112.962,112.962,112.962,112.962,0
31.12.2018 00:00:00.000,113.792,114.373,112.472,113.612,87.9174
01.01.2019 00:00:00.000,113.612,113.612,113.612,113.612,0
02.01.2019 00:00:00.000,112.512,116.002,111.772,115.202,94.5027
03.01.2019 00:00:00.000,114.892,115.202,112.722,112.973,104.6219
04.01.2019 00:00:00.000,114.993,117.522,112.973,117.332,135.031
05.01.2019 00:00:00.000,117.332,117.332,117.332,117.332,0
06.01.2019 00:00:00.000,117.332,117.332,117.332,117.332,0
07.01.2019 00:00:00.000,117.512,118.853,116.732,118.183,99.042
08.01.2019 00:00:00.000,119.733,120.652,118.183,119.822,75.5957
09.01.2019 00:00:00.000,121.202,121.423,119.822,120.672,78.20060000000001
10.01.2019 00:00:00.000,120.193,121.883,119.982,121.763,106.77870000000001
11.01.2019 00:00:00.000,121.573,121.763,120.253,121.462,90.6765
12.01.2019 00:00:00.000,121.462,121.462,121.462,121.462,0
13.01.2019 00:00:00.000,121.462,121.462,121.462,121.462,0
14.01.2019 00:00:00.000,120.832,121.462,119.852,120.362,95.0402
15.01.2019 00:00:00.000,120.992,121.923,120.362,121.723,75.9494
16.01.2019 00:00:00.000,122.013,122.013,120.852,121.592,115.5788
17.01.2019 00:00:00.000,121.262,122.433,120.670,122.213,133.3405
18.01.2019 00:00:00.000,123.623,124.763,122.213,123.873,127.4001
19.01.2019 00:00:00.000,123.873,123.873,123.873,123.873,0
20.01.2019 00:00:00.000,123.873,123.873,123.873,123.873,0
21.01.2019 00:00:00.000,123.873,123.873,123.873,123.873,0
22.01.2019 00:00:00.000,123.343,123.873,121.562,122.513,115.93610000000001
23.01.2019 00:00:00.000,131.713,135.023,122.513,132.862,44.816
24.01.2019 00:00:00.000,132.902,133.253,131.532,132.537,19.8415
25.01.2019 00:00:00.000,133.018,134.492,132.533,134.053,85.50559999999999
26.01.2019 00:00:00.000,134.053,134.053,134.053,134.053,0
27.01.2019 00:00:00.000,134.053,134.053,134.053,134.053,0
28.01.2019 00:00:00.000,133.462,134.833,132.600,134.318,39.1953
29.01.2019 00:00:00.000,134.843,135.453,133.632,134.362,33.7493
30.01.2019 00:00:00.000,134.012,135.043,133.302,134.422,32.5976
31.01.2019 00:00:00.000,134.423,134.713,133.762,134.498,34.217400000000005
01.02.2019 00:00:00.000,135.392,135.393,133.372,134.082,26.955399999999997
02.02.2019 00:00:00.000,134.082,134.082,134.082,134.082,0
03.02.2019 00:00:00.000,134.082,134.082,134.082,134.082,0
04.02.2019 00:00:00.000,134.412,135.203,133.033,135.193,24.9875
05.02.2019 00:00:00.000,135.493,135.833,134.942,135.543,26.035899999999998
06.02.2019 00:00:00.000,136.012,136.663,135.192,136.348,39.7251
07.02.2019 00:00:00.000,133.722,136.348,132.132,133.233,117.00369999999998
08.02.2019 00:00:00.000,133.013,133.743,132.223,133.743,99.11880000000002
09.02.2019 00:00:00.000,133.743,133.743,133.743,133.743,0
10.02.2019 00:00:00.000,133.743,133.743,133.743,133.743,0
11.02.2019 00:00:00.000,134.363,135.253,133.743,134.052,97.837
12.02.2019 00:00:00.000,135.202,136.213,134.052,136.043,90.4084
13.02.2019 00:00:00.000,136.992,137.933,136.043,137.542,109.929
14.02.2019 00:00:00.000,137.402,137.633,136.282,136.502,88.1802
15.02.2019 00:00:00.000,137.763,138.212,136.502,138.073,107.7781
16.02.2019 00:00:00.000,138.073,138.073,138.073,138.073,0
17.02.2019 00:00:00.000,138.073,138.073,138.073,138.073,0
18.02.2019 00:00:00.000,138.073,138.073,138.073,138.073,0
19.02.2019 00:00:00.000,138.093,138.733,137.372,138.733,109.57000000000001
20.02.2019 00:00:00.000,138.783,139.323,137.243,137.992,115.93200000000002
21.02.2019 00:00:00.000,137.912,138.373,137.392,137.892,112.186
22.02.2019 00:00:00.000,138.872,139.393,137.892,139.282,107.5546
23.02.2019 00:00:00.000,139.282,139.282,139.282,139.282,0
24.02.2019 00:00:00.000,139.282,139.282,139.282,139.282,0
25.02.2019 00:00:00.000,140.583,140.583,139.282,139.513,78.6358
26.02.2019 00:00:00.000,139.712,140.503,139.493,139.762,56.0266
27.02.2019 00:00:00.000,139.373,139.762,138.442,139.213,100.9659
28.02.2019 00:00:00.000,139.012,139.213,137.743,138.193,94.5188
01.03.2019 00:00:00.000,139.412,140.063,138.193,139.223,76.0809
02.03.2019 00:00:00.000,139.223,139.223,139.223,139.223,0
03.03.2019 00:00:00.000,139.223,139.223,139.223,139.223,0
04.03.2019 00:00:00.000,139.910,140.103,137.212,138.532,85.7706
05.03.2019 00:00:00.000,138.592,138.773,137.582,137.942,73.4295
06.03.2019 00:00:00.000,137.988,138.383,136.731,136.988,96.1163
07.03.2019 00:00:00.000,136.712,136.988,134.662,135.363,131.6495
08.03.2019 00:00:00.000,134.753,135.363,133.622,135.062,84.7917
09.03.2019 00:00:00.000,135.062,135.062,135.062,135.062,0
10.03.2019 00:00:00.000,135.062,135.062,135.062,135.062,0
11.03.2019 00:00:00.000,137.202,137.752,135.062,137.713,45.296099999999996
12.03.2019 00:00:00.000,138.793,139.713,137.713,138.299,85.8268
13.03.2019 00:00:00.000,138.712,139.362,137.902,138.562,57.498900000000006
14.03.2019 00:00:00.000,138.572,138.953,138.081,138.843,71.0262
15.03.2019 00:00:00.000,139.753,140.353,138.843,139.432,50.9162
16.03.2019 00:00:00.000,139.432,139.432,139.432,139.432,0
17.03.2019 00:00:00.000,139.432,139.432,139.432,139.432,0
18.03.2019 00:00:00.000,139.902,140.383,138.742,140.258,61.6939
19.03.2019 00:00:00.000,141.112,141.732,140.032,140.551,65.3887
20.03.2019 00:00:00.000,140.878,140.878,139.024,139.652,88.703
21.03.2019 00:00:00.000,139.152,142.143,139.072,141.492,57.9215
22.03.2019 00:00:00.000,141.133,141.492,138.932,139.492,124.1535
23.03.2019 00:00:00.000,139.492,139.492,139.492,139.492,0
24.03.2019 00:00:00.000,139.492,139.492,139.492,139.492,0
25.03.2019 00:00:00.000,139.353,139.933,138.372,139.223,130.74640000000002
26.03.2019 00:00:00.000,140.013,141.053,139.223,140.242,73.9839
27.03.2019 00:00:00.000,140.273,140.523,138.423,139.248,105.10249999999999
28.03.2019 00:00:00.000,140.213,140.460,139.122,139.970,93.61760000000001
29.03.2019 00:00:00.000,140.763,141.223,139.970,141.069,59.724999999999994
30.03.2019 00:00:00.000,141.069,141.069,141.069,141.069,0
31.03.2019 00:00:00.000,141.069,141.069,141.069,141.069,0
01.04.2019 00:00:00.000,141.683,143.412,141.069,143.253,56.1281
02.04.2019 00:00:00.000,144.102,144.102,142.612,143.022,52.8952
03.04.2019 00:00:00.000,143.803,144.253,143.022,143.643,48.8474
04.04.2019 00:00:00.000,143.913,144.163,142.563,142.792,48.2824
05.04.2019 00:00:00.000,143.353,143.512,142.473,143.312,64.347
06.04.2019 00:00:00.000,143.312,143.312,143.312,143.312,0
07.04.2019 00:00:00.000,143.312,143.312,143.312,143.312,0
08.04.2019 00:00:00.000,143.263,143.443,142.892,143.412,41.54469999999999
09.04.2019 00:00:00.000,142.863,143.412,141.862,142.212,79.59530000000001
10.04.2019 00:00:00.000,142.433,143.513,142.212,143.053,71.7065
11.04.2019 00:00:00.000,143.853,144.123,143.053,143.783,49.4088
12.04.2019 00:00:00.000,144.412,144.433,143.703,144.383,55.09609999999999
13.04.2019 00:00:00.000,144.383,144.383,144.383,144.383,0
14.04.2019 00:00:00.000,144.383,144.383,144.383,144.383,0
15.04.2019 00:00:00.000,144.483,144.543,143.282,143.932,38.9754
16.04.2019 00:00:00.000,144.873,145.412,143.932,145.162,71.6386
17.04.2019 00:00:00.000,137.292,145.162,136.293,139.102,101.2033
18.04.2019 00:00:00.000,139.013,140.503,138.783,140.352,48.4022
19.04.2019 00:00:00.000,140.352,140.352,140.352,140.352,0
20.04.2019 00:00:00.000,140.352,140.352,140.352,140.352,0
21.04.2019 00:00:00.000,140.352,140.352,140.352,140.352,0
22.04.2019 00:00:00.000,140.013,140.633,138.502,138.892,43.038399999999996
23.04.2019 00:00:00.000,139.733,140.943,138.892,140.442,42.75019999999999
24.04.2019 00:00:00.000,140.843,141.343,139.862,140.002,29.2678
25.04.2019 00:00:00.000,139.602,140.002,137.743,138.652,40.9282
26.04.2019 00:00:00.000,139.353,139.963,138.652,139.453,29.803200000000004
27.04.2019 00:00:00.000,139.453,139.453,139.453,139.453,0
28.04.2019 00:00:00.000,139.453,139.453,139.453,139.453,0
29.04.2019 00:00:00.000,139.512,139.643,138.832,139.102,28.826700000000002
30.04.2019 00:00:00.000,139.713,140.463,138.712,140.283,39.4393
01.05.2019 00:00:00.000,140.872,141.843,140.202,140.623,35.5125
02.05.2019 00:00:00.000,140.512,141.312,139.432,139.662,49.9203
03.05.2019 00:00:00.000,140.293,141.023,139.662,140.293,32.073
04.05.2019 00:00:00.000,140.293,140.293,140.293,140.293,0
05.05.2019 00:00:00.000,140.293,140.293,140.293,140.293,0
06.05.2019 00:00:00.000,138.372,140.713,137.943,140.432,70.8047
07.05.2019 00:00:00.000,139.252,140.432,136.212,137.662,128.2925
08.05.2019 00:00:00.000,138.622,138.723,137.162,138.032,80.86930000000001
09.05.2019 00:00:00.000,135.632,138.032,133.072,135.353,87.7559
10.05.2019 00:00:00.000,135.012,135.793,132.463,135.353,104.05680000000001
11.05.2019 00:00:00.000,135.353,135.353,135.353,135.353,0
12.05.2019 00:00:00.000,135.353,135.353,135.353,135.353,0
13.05.2019 00:00:00.000,133.712,135.353,130.972,131.432,100.2869
14.05.2019 00:00:00.000,132.372,134.362,131.432,133.372,72.7193
15.05.2019 00:00:00.000,133.252,134.613,132.472,134.443,93.35820000000001
16.05.2019 00:00:00.000,134.852,136.123,134.443,135.893,59.845499999999994
17.05.2019 00:00:00.000,135.033,135.893,133.972,134.333,76.2884
18.05.2019 00:00:00.000,134.333,134.333,134.333,134.333,0
19.05.2019 00:00:00.000,134.333,134.333,134.333,134.333,0
20.05.2019 00:00:00.000,133.732,135.443,132.973,135.172,74.8631
21.05.2019 00:00:00.000,136.115,137.082,135.172,136.483,39.2471
22.05.2019 00:00:00.000,136.202,136.773,135.732,136.382,38.2752
23.05.2019 00:00:00.000,135.242,136.382,130.462,132.412,69.8348
24.05.2019 00:00:00.000,133.672,134.253,131.605,132.352,41.285
25.05.2019 00:00:00.000,132.352,132.352,132.352,132.352,0
26.05.2019 00:00:00.000,132.352,132.352,132.352,132.352,0
27.05.2019 00:00:00.000,132.352,132.352,132.352,132.352,0
28.05.2019 00:00:00.000,132.292,132.682,130.302,130.502,37.6439
29.05.2019 00:00:00.000,130.203,130.502,128.372,129.702,288.297
30.05.2019 00:00:00.000,129.902,130.023,128.962,129.593,201.76569999999998
31.05.2019 00:00:00.000,128.603,129.593,126.872,127.032,116.5998
01.06.2019 00:00:00.000,127.032,127.032,127.032,127.032,0
02.06.2019 00:00:00.000,127.032,127.032,127.032,127.032,0
03.06.2019 00:00:00.000,127.832,128.573,127.032,128.282,56.286699999999996
04.06.2019 00:00:00.000,130.032,132.763,128.282,132.712,44.903600000000004
05.06.2019 00:00:00.000,133.412,133.733,130.502,131.462,37.8459
06.06.2019 00:00:00.000,132.233,132.672,130.962,132.253,44.817099999999996
07.06.2019 00:00:00.000,132.992,134.753,132.253,133.332,32.0706
08.06.2019 00:00:00.000,133.332,133.332,133.332,133.332,0
09.06.2019 00:00:00.000,133.332,133.332,133.332,133.332,0
10.06.2019 00:00:00.000,134.832,135.382,133.332,134.752,29.669000000000004
11.06.2019 00:00:00.000,135.503,136.472,134.752,135.963,47.197500000000005
12.06.2019 00:00:00.000,135.672,135.963,134.432,134.902,32.4333
13.06.2019 00:00:00.000,135.512,136.293,134.902,135.813,42.6482
14.06.2019 00:00:00.000,135.983,135.983,134.462,135.232,36.1512
15.06.2019 00:00:00.000,135.232,135.232,135.232,135.232,0
16.06.2019 00:00:00.000,135.232,135.232,135.232,135.232,0
17.06.2019 00:00:00.000,135.522,136.063,134.712,134.952,33.4828
18.06.2019 00:00:00.000,135.882,137.213,134.952,136.443,49.65030000000001
19.06.2019 00:00:00.000,137.002,137.713,136.442,137.142,43.1819
20.06.2019 00:00:00.000,139.012,139.553,137.142,138.872,56.1618
21.06.2019 00:00:00.000,139.262,139.563,138.412,139.212,40.3361
22.06.2019 00:00:00.000,139.212,139.212,139.212,139.212,0
23.06.2019 00:00:00.000,139.212,139.212,139.212,139.212,0
24.06.2019 00:00:00.000,139.723,140.172,139.112,139.383,29.462899999999998
25.06.2019 00:00:00.000,139.572,139.622,138.143,138.392,46.5358
26.06.2019 00:00:00.000,138.962,139.722,138.392,138.542,47.0505
27.06.2019 00:00:00.000,138.922,139.323,137.982,138.542,31.465
28.06.2019 00:00:00.000,139.042,139.172,137.872,137.982,40.854099999999995
29.06.2019 00:00:00.000,137.982,137.982,137.982,137.982,0
30.06.2019 00:00:00.000,137.982,137.982,137.982,137.982,0
01.07.2019 00:00:00.000,139.812,141.492,137.982,139.903,36.3396
02.07.2019 00:00:00.000,139.912,140.462,139.502,140.272,30.7575
03.07.2019 00:00:00.000,141.012,142.013,140.272,141.312,15.879900000000001
04.07.2019 00:00:00.000,141.312,141.312,141.312,141.312,0
05.07.2019 00:00:00.000,140.912,141.512,139.942,141.422,31.3847
06.07.2019 00:00:00.000,141.422,141.422,141.422,141.422,0
07.07.2019 00:00:00.000,141.422,141.422,141.422,141.422,0
08.07.2019 00:00:00.000,141.143,141.422,140.302,140.612,24.1515
09.07.2019 00:00:00.000,141.003,141.003,139.152,139.383,28.172600000000003
10.07.2019 00:00:00.000,140.162,141.913,139.383,140.502,28.4621
11.07.2019 00:00:00.000,141.012,141.602,140.442,141.273,21.7999
12.07.2019 00:00:00.000,142.002,142.952,141.273,142.712,24.274099999999997
13.07.2019 00:00:00.000,142.712,142.712,142.712,142.712,0
14.07.2019 00:00:00.000,142.712,142.712,142.712,142.712,0
15.07.2019 00:00:00.000,143.152,143.562,142.152,143.322,27.942700000000002
16.07.2019 00:00:00.000,143.752,144.053,143.082,143.543,28.766
17.07.2019 00:00:00.000,143.952,143.952,141.982,143.092,35.1905
18.07.2019 00:00:00.000,142.613,150.332,142.422,149.673,57.7968
19.07.2019 00:00:00.000,150.212,151.603,149.593,149.822,48.81099999999999
20.07.2019 00:00:00.000,149.822,149.822,149.822,149.822,0
21.07.2019 00:00:00.000,149.822,149.822,149.822,149.822,0
22.07.2019 00:00:00.000,150.122,151.973,149.722,149.772,41.771699999999996
23.07.2019 00:00:00.000,151.012,151.012,148.412,150.402,37.17
24.07.2019 00:00:00.000,150.392,151.463,149.212,150.063,32.230799999999995
25.07.2019 00:00:00.000,150.012,150.643,148.632,150.432,28.6425
26.07.2019 00:00:00.000,151.012,151.433,150.112,151.352,26.064700000000002
27.07.2019 00:00:00.000,151.352,151.352,151.352,151.352,0
28.07.2019 00:00:00.000,151.352,151.352,151.352,151.352,0
29.07.2019 00:00:00.000,151.272,151.512,150.342,150.912,26.9465
30.07.2019 00:00:00.000,150.102,150.912,149.272,149.781,38.4031
31.07.2019 00:00:00.000,149.953,150.223,146.482,148.292,45.6332
01.08.2019 00:00:00.000,149.363,152.833,148.292,150.342,77.91749999999999
02.08.2019 00:00:00.000,149.452,152.972,145.742,147.263,92.2485
03.08.2019 00:00:00.000,147.263,147.263,147.263,147.263,0
04.08.2019 00:00:00.000,147.263,147.263,147.263,147.263,0
05.08.2019 00:00:00.000,145.142,147.263,139.182,140.753,74.3913
06.08.2019 00:00:00.000,142.513,142.513,139.342,140.748,73.2239
07.08.2019 00:00:00.000,139.512,140.748,136.534,139.127,101.77780000000001
08.08.2019 00:00:00.000,138.462,140.443,137.792,140.162,52.08829999999999
09.08.2019 00:00:00.000,139.632,140.162,135.372,136.096,70.15249999999999
10.08.2019 00:00:00.000,136.096,136.096,136.096,136.096,0
11.08.2019 00:00:00.000,136.096,136.096,136.096,136.096,0
12.08.2019 00:00:00.000,135.763,136.096,133.222,134.123,58.122499999999995
13.08.2019 00:00:00.000,134.392,136.583,132.872,135.792,61.226200000000006
14.08.2019 00:00:00.000,134.002,135.792,131.032,131.228,62.1866
15.08.2019 00:00:00.000,132.032,132.392,130.332,131.902,69.33330000000001
16.08.2019 00:00:00.000,133.402,134.622,131.902,133.782,45.026900000000005
17.08.2019 00:00:00.000,133.782,133.782,133.782,133.782,0
18.08.2019 00:00:00.000,133.782,133.782,133.782,133.782,0
19.08.2019 00:00:00.000,135.313,136.343,133.782,135.053,37.6253
20.08.2019 00:00:00.000,135.502,135.502,132.833,133.122,38.912499999999994
21.08.2019 00:00:00.000,135.212,135.963,133.122,134.302,2.6861
22.08.2019 00:00:00.000,135.012,135.712,133.862,134.362,2.6266
23.08.2019 00:00:00.000,134.332,134.362,128.842,129.622,22.262299999999993
24.08.2019 00:00:00.000,129.622,129.622,129.622,129.622,0
25.08.2019 00:00:00.000,129.622,129.622,129.622,129.622,0
26.08.2019 00:00:00.000,131.852,131.853,129.192,130.032,3.5477
27.08.2019 00:00:00.000,131.342,131.722,130.032,131.193,3.5116
28.08.2019 00:00:00.000,131.002,132.913,130.095,132.752,2.9751999999999996
29.08.2019 00:00:00.000,134.762,135.692,132.752,134.948,68.3867
30.08.2019 00:00:00.000,135.883,136.072,134.382,135.513,56.4112
31.08.2019 00:00:00.000,135.513,135.513,135.513,135.513,0
01.09.2019 00:00:00.000,135.513,135.513,135.513,135.513,0
02.09.2019 00:00:00.000,135.513,135.513,135.513,135.513,0
03.09.2019 00:00:00.000,134.982,135.513,133.382,134.223,18.0777
04.09.2019 00:00:00.000,136.272,136.442,134.223,136.352,12.1114
05.09.2019 00:00:00.000,138.992,141.712,136.352,141.022,16.6015
06.09.2019 00:00:00.000,142.003,142.003,140.482,140.643,13.372800000000002
07.09.2019 00:00:00.000,140.643,140.643,140.643,140.643,0
08.09.2019 00:00:00.000,140.643,140.643,140.643,140.643,0
09.09.2019 00:00:00.000,141.002,143.033,140.582,142.632,15.2957
10.09.2019 00:00:00.000,143.483,145.612,142.632,145.042,18.878100000000003
11.09.2019 00:00:00.000,144.972,145.332,142.723,143.602,15.1463
12.09.2019 00:00:00.000,144.482,144.482,141.912,143.672,15.2118
13.09.2019 00:00:00.000,144.492,144.983,143.292,143.642,13.6006
14.09.2019 00:00:00.000,143.642,143.642,143.642,143.642,0
15.09.2019 00:00:00.000,143.642,143.642,143.642,143.642,0
16.09.2019 00:00:00.000,142.942,143.682,142.342,142.432,13.299
17.09.2019 00:00:00.000,142.612,142.612,140.692,142.193,12.7959
18.09.2019 00:00:00.000,141.402,142.323,140.552,142.252,15.792300000000001
19.09.2019 00:00:00.000,143.153,145.043,142.252,142.983,14.8585
20.09.2019 00:00:00.000,143.502,144.093,141.832,141.832,15.3763
21.09.2019 00:00:00.000,141.832,141.832,141.832,141.832,0
22.09.2019 00:00:00.000,141.832,141.832,141.832,141.832,0
23.09.2019 00:00:00.000,141.992,142.232,140.623,142.102,11.9673
24.09.2019 00:00:00.000,142.902,142.913,141.102,141.793,22.9693
25.09.2019 00:00:00.000,142.043,143.652,140.912,143.212,14.8361
26.09.2019 00:00:00.000,143.323,143.903,141.433,143.642,18.0987
27.09.2019 00:00:00.000,144.352,145.123,142.382,143.343,20.485799999999998
28.09.2019 00:00:00.000,143.343,143.343,143.343,143.343,0
29.09.2019 00:00:00.000,143.343,143.343,143.343,143.343,0
30.09.2019 00:00:00.000,144.322,146.583,143.343,145.482,15.4223
01.10.2019 00:00:00.000,145.853,147.393,143.562,143.592,17.2483
02.10.2019 00:00:00.000,142.222,143.592,140.582,141.802,24.4696
03.10.2019 00:00:00.000,141.692,142.103,139.292,142.012,21.8195
04.10.2019 00:00:00.000,142.503,143.073,141.092,143.012,15.689200000000001
05.10.2019 00:00:00.000,143.012,143.012,143.012,143.012,0
06.10.2019 00:00:00.000,143.012,143.012,143.012,143.012,0
07.10.2019 00:00:00.000,142.692,143.012,141.222,141.283,17.7795
08.10.2019 00:00:00.000,140.352,141.283,138.262,138.403,25.2104
09.10.2019 00:00:00.000,139.993,140.492,138.403,139.672,17.4784
10.10.2019 00:00:00.000,140.582,141.823,139.633,141.152,19.1213
11.10.2019 00:00:00.000,142.852,144.523,141.152,142.722,22.100500000000004
12.10.2019 00:00:00.000,142.722,142.722,142.722,142.722,0
13.10.2019 00:00:00.000,142.722,142.722,142.722,142.722,0
14.10.2019 00:00:00.000,142.502,142.722,141.332,141.982,11.8798
15.10.2019 00:00:00.000,142.593,143.722,141.872,142.962,16.7363
16.10.2019 00:00:00.000,142.903,143.162,141.402,142.182,16.7062
17.10.2019 00:00:00.000,135.273,142.182,132.962,134.282,32.6987
18.10.2019 00:00:00.000,134.323,134.563,132.282,134.153,23.2791
19.10.2019 00:00:00.000,134.153,134.153,134.153,134.153,0
20.10.2019 00:00:00.000,134.153,134.153,134.153,134.153,0
21.10.2019 00:00:00.000,132.702,134.153,130.922,132.572,23.8974
22.10.2019 00:00:00.000,132.792,134.063,131.632,133.953,23.669500000000006
23.10.2019 00:00:00.000,133.913,134.583,132.742,134.432,20.9574
24.10.2019 00:00:00.000,135.523,135.523,133.332,134.113,12.0292
25.10.2019 00:00:00.000,134.602,135.963,134.113,135.442,16.045099999999998
26.10.2019 00:00:00.000,135.442,135.442,135.442,135.442,0
